22 20 67 13 25 39 5 59 2 11 26 18 6 24 49 66 64 9 1 21 10 19 31 27 15 61 71 53 57 37 72 58 50 46 76 16 63 28 65 51 54 69 8 52 70 14 4 75 79 47 30 40 3 68 35 0 78 38 32 7 41 45 36 42 73 29 56 44 23 33 62 43 60 17 55 34 74 12 48 77 
0 0 0 0 0 0 0 0 0 0 0 0 0 0 0 0 0 0 0 0 0 0 0 0 0 0 0 0 0 0 0 0 0 0 0 0 0 0 0 0 0 0 0 0 0 0 0 0 0 0 0 0 0 0 0 0 0 0 0 0 0 0 0 0 0 0 0 0 0 0 0 0 0 0 0 0 0 0 0 
51 6 9 32 45 48 13 86 54 12 28 46 26 43 69 58 4 66 44 38 0 50 78 10 59 3 84 67 53 76 71 68 60 61 74 56 17 79 83 42 49 19 47 31 75 81 23 25 33 2 20 52 85 70 57 5 15 80 18 27 7 35 22 72 14 65 41 30 73 24 40 64 29 11 21 34 82 1 55 62 63 39 77 16 36 8 37 
0 0 0 0 0 0 0 0 0 0 0 0 0 0 0 0 0 0 0 0 0 0 0 0 0 0 0 0 0 0 0 0 0 0 0 0 0 0 0 0 0 0 0 0 0 0 0 0 0 0 0 0 0 0 0 0 0 0 0 0 0 0 0 0 0 0 0 0 0 0 0 0 0 0 0 0 0 0 0 0 0 0 0 0 0 0 
44 42 2 17 22 13 15 45 12 16 47 10 21 24 7 41 28 8 51 31 33 3 53 11 39 27 49 40 35 30 14 46 26 9 34 37 52 25 36 1 23 48 32 4 54 43 0 38 18 50 6 5 29 20 19 
0 0 0 0 0 0 0 0 0 0 0 0 0 0 0 0 0 0 0 0 0 0 0 0 0 0 0 0 0 0 0 0 0 0 0 0 0 0 0 0 0 0 0 0 0 0 0 0 0 0 0 0 0 0 
2 16 19 63 28 57 14 24 11 52 66 60 64 7 34 75 39 42 81 22 8 4 68 44 15 67 45 35 73 78 61 74 17 0 51 56 54 43 31 20 62 69 32 50 27 37 48 38 3 18 80 10 49 46 40 70 76 59 79 6 25 5 23 21 77 72 9 55 53 29 71 41 58 47 36 33 30 26 65 12 1 13 
0 0 0 0 0 0 0 0 0 0 0 0 0 0 0 0 0 0 0 0 0 0 0 0 0 0 0 0 0 0 0 0 0 0 0 0 0 0 0 0 0 0 0 0 0 0 0 0 0 0 0 0 0 0 0 0 0 0 0 0 0 0 0 0 0 0 0 0 1 0 0 0 0 0 0 0 0 0 0 0 0 
5 3 28 76 17 33 64 35 37 62 45 1 75 13 16 46 61 70 72 81 78 15 43 9 49 68 2 55 14 80 26 36 11 12 39 53 73 19 38 20 30 40 52 71 7 51 44 6 60 8 48 4 58 25 23 69 63 18 41 21 50 29 34 24 32 0 66 27 10 56 74 77 54 79 59 31 22 47 67 42 57 65 
0 0 0 0 0 0 0 0 0 0 0 0 0 0 0 0 0 0 0 0 0 0 0 0 0 0 0 0 0 0 0 0 0 0 0 0 0 0 0 0 0 0 0 0 0 0 0 0 0 0 0 0 0 0 0 0 0 0 0 0 0 0 0 0 0 0 0 0 0 0 0 0 0 0 0 0 0 0 0 0 0 
6 16 40 33 34 29 21 24 27 38 35 4 22 42 3 13 15 45 43 10 7 44 32 20 26 37 19 17 8 1 12 39 28 9 2 25 31 5 23 36 14 0 30 11 41 18 
0 0 0 0 0 0 0 0 0 0 0 0 0 0 0 0 0 0 0 0 0 0 0 0 0 0 0 0 0 0 0 0 0 0 0 0 0 0 0 0 0 0 0 0 0 
59 49 58 56 31 76 33 68 53 39 32 72 55 12 20 6 47 41 69 27 15 73 54 7 16 9 19 75 10 13 17 79 67 22 40 71 34 44 36 25 70 43 37 14 48 46 57 3 38 35 18 4 21 2 61 50 0 24 52 64 28 11 77 29 65 62 26 8 1 23 66 5 74 51 42 63 30 78 45 60 
0 0 0 0 0 0 0 0 0 0 0 0 0 0 0 0 0 0 0 0 0 0 0 0 0 0 0 0 0 0 0 0 0 0 0 0 0 0 0 0 0 0 0 0 0 0 0 0 0 0 0 0 0 0 0 0 0 0 0 0 0 0 0 0 0 0 0 0 0 0 0 0 0 0 0 0 0 0 0 
3 40 1 4 19 18 26 33 35 31 32 21 2 20 24 14 6 38 15 23 36 25 27 29 34 41 10 7 39 30 0 42 37 17 8 5 12 13 16 11 22 28 9 
0 0 0 0 0 0 0 0 0 0 0 0 0 0 0 0 0 0 0 0 0 0 0 0 0 0 0 0 0 0 0 0 0 0 0 0 0 0 0 0 0 0 
47 33 11 63 61 28 49 70 12 86 80 20 60 26 40 74 19 31 78 30 36 24 76 79 17 34 69 29 16 22 48 39 68 13 50 87 15 51 54 90 77 3 27 18 88 62 37 84 4 52 58 85 89 73 64 35 46 6 53 44 8 75 7 25 82 83 57 45 66 67 91 55 21 81 23 56 59 0 32 65 42 1 10 9 5 2 72 71 14 38 43 41 
0 0 0 0 0 0 1 0 0 0 0 0 0 0 0 0 0 0 0 0 0 0 0 0 0 0 0 0 0 0 0 0 0 0 0 0 0 0 0 0 0 0 0 0 0 0 0 0 0 0 0 0 0 0 0 0 0 0 0 0 0 0 0 0 0 0 0 0 0 0 0 0 0 0 0 0 0 0 0 0 0 0 0 0 0 0 0 0 0 0 0 
33 48 41 11 43 25 28 17 24 15 60 53 18 32 6 45 50 10 49 44 38 12 29 55 56 52 23 19 0 36 46 1 31 9 8 51 57 59 3 16 20 30 35 37 58 7 26 22 4 2 61 42 54 47 40 62 5 27 14 34 13 39 21 
0 0 0 0 0 0 0 0 0 0 0 0 0 0 0 0 0 0 0 0 0 0 0 0 0 0 0 0 0 0 0 0 0 0 0 0 0 0 0 0 0 0 0 0 0 0 0 0 0 0 0 0 0 0 0 0 0 0 0 0 0 0 
69 16 57 12 62 65 26 20 9 13 67 33 2 55 54 71 0 7 61 47 37 35 30 29 50 11 78 58 77 36 82 32 41 64 70 51 14 56 5 48 21 46 27 39 59 42 45 66 19 43 76 60 8 28 38 34 75 24 72 6 80 49 79 63 3 31 68 10 40 74 25 22 81 18 4 17 15 53 1 52 73 44 23 
0 0 0 0 0 0 0 0 0 0 0 0 0 0 0 0 0 0 0 0 0 0 0 0 0 0 0 0 0 0 0 0 0 0 0 0 0 0 0 0 0 0 0 0 0 0 0 0 0 0 0 0 0 0 0 0 0 0 0 0 0 0 0 0 0 0 0 0 0 0 0 0 0 0 0 0 0 0 0 0 0 0 
8 0 36 2 7 4 15 25 31 20 22 12 5 1 21 24 32 16 35 18 13 34 11 27 10 3 19 17 14 6 23 28 29 33 30 9 26 
0 0 0 0 0 0 0 0 0 0 0 0 0 0 0 0 0 0 0 0 0 0 0 0 0 0 0 0 0 0 0 0 0 0 0 0 
18 25 73 32 49 65 58 36 39 47 61 66 56 35 55 68 34 75 59 76 1 28 52 53 0 24 54 26 64 10 5 46 23 38 16 3 48 13 70 51 62 7 4 78 44 37 43 45 17 15 72 9 8 63 69 19 20 67 41 30 33 42 12 29 50 14 2 71 77 60 31 27 57 21 11 74 40 6 22 
0 0 0 0 0 0 0 0 0 0 0 0 0 0 0 0 0 0 0 0 0 0 0 0 0 0 0 0 0 0 0 0 0 0 0 0 0 0 0 0 0 0 0 0 0 0 0 0 0 0 0 0 0 0 0 0 0 0 0 0 0 0 0 0 0 0 0 0 0 0 0 0 0 0 0 0 0 0 
17 9 26 1 15 3 8 29 14 19 5 30 27 23 21 6 20 11 0 28 4 2 22 7 31 10 13 18 12 25 24 16 
0 0 0 0 0 0 0 0 0 0 0 0 0 0 0 0 0 0 0 0 0 0 0 0 0 0 0 0 0 0 0 
28 40 10 36 31 24 13 23 29 17 33 5 21 32 12 26 37 25 14 27 20 30 9 16 7 15 18 22 4 3 0 38 39 34 2 19 1 41 11 6 35 8 
0 0 0 0 0 0 0 0 0 0 0 0 0 0 0 0 0 0 0 0 0 0 0 0 0 0 0 0 0 0 0 0 0 0 0 0 0 0 0 0 0 
33 60 43 75 39 35 90 64 28 53 61 87 34 21 65 12 73 16 67 40 82 47 29 44 50 72 14 8 0 24 7 51 18 88 23 3 62 83 79 36 58 81 92 48 31 76 55 71 32 38 49 54 4 74 69 11 15 22 59 66 17 45 42 13 41 56 20 70 85 63 6 86 25 27 1 68 5 9 91 26 37 89 57 19 80 84 52 2 77 10 46 78 30 
0 0 0 0 0 0 0 0 0 0 0 0 0 0 0 0 0 0 0 0 0 0 0 0 0 0 0 0 0 0 0 0 0 0 0 0 0 0 0 0 0 0 0 0 0 0 0 0 0 0 0 0 0 0 0 0 0 0 0 0 0 0 0 0 0 0 0 0 0 0 0 0 0 0 0 0 0 0 0 0 0 0 0 0 0 0 0 0 0 0 0 0 
7 13 17 1 2 0 10 15 3 8 14 12 16 4 5 9 11 6 
0 0 0 0 0 0 0 0 0 0 0 0 0 0 0 0 0 
11 12 19 5 15 0 28 13 8 20 6 2 3 17 33 29 24 16 27 25 30 35 21 22 9 10 34 31 23 1 36 32 7 26 18 14 4 
0 0 0 0 0 0 0 0 0 0 0 0 0 0 0 0 0 0 0 0 0 0 0 0 0 0 0 0 0 0 0 0 0 0 0 0 
14 65 17 35 36 54 47 55 43 16 57 56 32 11 64 25 22 1 45 24 44 9 48 5 61 60 21 3 33 63 18 46 6 2 7 10 40 26 41 31 27 28 52 42 51 30 23 58 12 53 62 0 34 66 4 49 8 59 38 20 39 29 37 13 15 50 19 
0 0 0 0 0 0 0 0 0 0 0 0 1 0 0 0 0 0 0 0 0 0 0 0 0 0 0 0 0 0 0 0 0 0 0 0 0 0 0 0 0 0 0 0 0 0 0 0 0 0 0 0 0 0 0 0 0 0 0 0 0 0 0 0 0 0 
4 62 57 84 52 93 19 95 39 68 89 49 85 43 51 88 97 54 8 42 5 61 65 74 13 56 82 28 96 11 79 16 66 17 44 9 48 35 37 92 34 91 12 40 70 38 81 72 47 78 33 64 41 31 29 36 6 3 45 26 77 80 1 10 15 67 22 46 7 63 90 30 71 23 73 0 21 50 55 20 53 24 59 60 86 27 69 25 87 32 94 76 75 18 14 58 83 2 
0 0 0 0 0 0 0 0 0 0 0 0 0 0 0 0 0 0 0 0 0 0 0 0 0 0 0 0 0 0 0 0 0 0 0 0 0 0 0 0 0 0 0 0 0 0 0 0 0 0 0 0 0 0 0 0 0 0 0 0 0 0 0 0 0 0 0 0 0 0 0 0 0 0 0 0 0 0 0 0 0 0 0 0 0 0 0 0 0 0 0 0 0 0 0 0 0 
